x <- 3 * 4
1 / 200 * 30
#> [1] 0.15
(59 + 73 + 2) / 3